{
 "cells": [
  {
   "cell_type": "code",
   "execution_count": 1,
   "id": "6b15d65f-b638-4514-bc76-8f1a93e9beb6",
   "metadata": {},
   "outputs": [
    {
     "name": "stdout",
     "output_type": "stream",
     "text": [
      "mlflow, version 2.14.1\n"
     ]
    }
   ],
   "source": [
    "import mlflow\n",
    "!mlflow --version"
   ]
  },
  {
   "cell_type": "code",
   "execution_count": 2,
   "id": "0c327735-aa00-449a-ac29-2ae698f4b5f0",
   "metadata": {},
   "outputs": [],
   "source": [
    "def load_data(url):\n",
    "    import pandas as pd\n",
    "    # Load dataset\n",
    "    data = pd.read_csv(filepath_or_buffer=url,sep=',')\n",
    "    return data"
   ]
  },
  {
   "cell_type": "code",
   "execution_count": 3,
   "id": "82f6d51b-b05b-47cf-876f-3a5cf675b477",
   "metadata": {},
   "outputs": [],
   "source": [
    "def train_test_split(final_data,target_column):\n",
    "    from sklearn.model_selection import train_test_split\n",
    "    X = final_data.loc[:, final_data.columns != target_column]\n",
    "    y = final_data.loc[:, final_data.columns == target_column]\n",
    "    \n",
    "    X_train, X_test, y_train, y_test = train_test_split(X, y, test_size=0.3,stratify = y, random_state=47)\n",
    "    return X_train, X_test, y_train, y_test"
   ]
  },
  {
   "cell_type": "code",
   "execution_count": 4,
   "id": "ac12cb35-ece5-4aff-87f0-c6a81a9c309b",
   "metadata": {},
   "outputs": [],
   "source": [
    "def training_basic_classifier(X_train,y_train):\n",
    "    from sklearn.linear_model import LogisticRegression\n",
    "    classifier = LogisticRegression()\n",
    "    classifier.fit(X_train,y_train)\n",
    "    \n",
    "    return classifier"
   ]
  },
  {
   "cell_type": "code",
   "execution_count": 5,
   "id": "513b1d46-30b6-47bf-bacc-443f8becf944",
   "metadata": {},
   "outputs": [],
   "source": [
    "def predict_on_test_data(model,X_test):\n",
    "    y_pred = model.predict(X_test)\n",
    "    return y_pred"
   ]
  },
  {
   "cell_type": "code",
   "execution_count": 6,
   "id": "f46e891c-0c6f-4309-adf8-9fb659953f46",
   "metadata": {},
   "outputs": [],
   "source": [
    "def predict_prob_on_test_data(model,X_test):\n",
    "    y_pred = model.predict_proba(X_test)\n",
    "    return y_pred"
   ]
  },
  {
   "cell_type": "code",
   "execution_count": 7,
   "id": "74ece630-7182-461a-95d6-00922eaa7980",
   "metadata": {},
   "outputs": [],
   "source": [
    "def get_metrics(y_true, y_pred, y_pred_prob):\n",
    "    from sklearn.metrics import accuracy_score,precision_score,recall_score,log_loss\n",
    "    acc = accuracy_score(y_true, y_pred)\n",
    "    prec = precision_score(y_true, y_pred,average='micro')\n",
    "    recall = recall_score(y_true, y_pred,average='micro')\n",
    "    entropy = log_loss(y_true, y_pred_prob)\n",
    "    return {'accuracy': round(acc, 2), 'precision': round(prec, 2), 'recall': round(recall, 2), 'entropy': round(entropy, 2)}"
   ]
  },
  {
   "cell_type": "code",
   "execution_count": 8,
   "id": "970b09bf-4e47-4f19-b174-3e4196760bc0",
   "metadata": {},
   "outputs": [],
   "source": [
    "def create_roc_auc_plot(clf, X_data, y_data):\n",
    "    import matplotlib.pyplot as plt\n",
    "    from sklearn import metrics\n",
    "    metrics.plot_roc_curve(clf, X_data, y_data) \n",
    "    plt.savefig('roc_auc_curve.png')"
   ]
  },
  {
   "cell_type": "code",
   "execution_count": 22,
   "id": "c9cd8236-4d36-4ec1-bc62-108d6125e372",
   "metadata": {},
   "outputs": [],
   "source": [
    "def create_confusion_matrix_plot(clf, X_test, y_test):\n",
    "    import matplotlib.pyplot as plt\n",
    "    from sklearn.metrics import confusion_matrix\n",
    "    from sklearn.metrics import ConfusionMatrixDisplay\n",
    "    ConfusionMatrixDisplay(clf, X_test, y_test)\n",
    "    plt.savefig('confusion_matrix.png')"
   ]
  },
  {
   "cell_type": "code",
   "execution_count": 10,
   "id": "b18ffe47-265a-4d66-af71-ce28e1ac2a4d",
   "metadata": {},
   "outputs": [
    {
     "data": {
      "text/html": [
       "<div>\n",
       "<style scoped>\n",
       "    .dataframe tbody tr th:only-of-type {\n",
       "        vertical-align: middle;\n",
       "    }\n",
       "\n",
       "    .dataframe tbody tr th {\n",
       "        vertical-align: top;\n",
       "    }\n",
       "\n",
       "    .dataframe thead th {\n",
       "        text-align: right;\n",
       "    }\n",
       "</style>\n",
       "<table border=\"1\" class=\"dataframe\">\n",
       "  <thead>\n",
       "    <tr style=\"text-align: right;\">\n",
       "      <th></th>\n",
       "      <th>sepal-length</th>\n",
       "      <th>sepal-width</th>\n",
       "      <th>petal-length</th>\n",
       "      <th>petal-width</th>\n",
       "      <th>class</th>\n",
       "    </tr>\n",
       "  </thead>\n",
       "  <tbody>\n",
       "    <tr>\n",
       "      <th>0</th>\n",
       "      <td>5.1</td>\n",
       "      <td>3.5</td>\n",
       "      <td>1.4</td>\n",
       "      <td>0.2</td>\n",
       "      <td>Iris-setosa</td>\n",
       "    </tr>\n",
       "    <tr>\n",
       "      <th>1</th>\n",
       "      <td>4.9</td>\n",
       "      <td>3.0</td>\n",
       "      <td>1.4</td>\n",
       "      <td>0.2</td>\n",
       "      <td>Iris-setosa</td>\n",
       "    </tr>\n",
       "    <tr>\n",
       "      <th>2</th>\n",
       "      <td>4.7</td>\n",
       "      <td>3.2</td>\n",
       "      <td>1.3</td>\n",
       "      <td>0.2</td>\n",
       "      <td>Iris-setosa</td>\n",
       "    </tr>\n",
       "    <tr>\n",
       "      <th>3</th>\n",
       "      <td>4.6</td>\n",
       "      <td>3.1</td>\n",
       "      <td>1.5</td>\n",
       "      <td>0.2</td>\n",
       "      <td>Iris-setosa</td>\n",
       "    </tr>\n",
       "    <tr>\n",
       "      <th>4</th>\n",
       "      <td>5.0</td>\n",
       "      <td>3.6</td>\n",
       "      <td>1.4</td>\n",
       "      <td>0.2</td>\n",
       "      <td>Iris-setosa</td>\n",
       "    </tr>\n",
       "  </tbody>\n",
       "</table>\n",
       "</div>"
      ],
      "text/plain": [
       "   sepal-length  sepal-width  petal-length  petal-width        class\n",
       "0           5.1          3.5           1.4          0.2  Iris-setosa\n",
       "1           4.9          3.0           1.4          0.2  Iris-setosa\n",
       "2           4.7          3.2           1.3          0.2  Iris-setosa\n",
       "3           4.6          3.1           1.5          0.2  Iris-setosa\n",
       "4           5.0          3.6           1.4          0.2  Iris-setosa"
      ]
     },
     "execution_count": 10,
     "metadata": {},
     "output_type": "execute_result"
    }
   ],
   "source": [
    "url = 'https://raw.githubusercontent.com/TripathiAshutosh/dataset/main/iris.csv'\n",
    "data = load_data(url)\n",
    "data.head()"
   ]
  },
  {
   "cell_type": "code",
   "execution_count": 11,
   "id": "2c016feb-d2b0-4c6d-9206-6db33e4a2035",
   "metadata": {},
   "outputs": [],
   "source": [
    "target_column = 'class'\n",
    "X_train, X_test, y_train, y_test = train_test_split(data, target_column)"
   ]
  },
  {
   "cell_type": "code",
   "execution_count": 12,
   "id": "7b6a10d3-efdd-4579-9a47-c96541991fa7",
   "metadata": {},
   "outputs": [
    {
     "data": {
      "text/html": [
       "<div>\n",
       "<style scoped>\n",
       "    .dataframe tbody tr th:only-of-type {\n",
       "        vertical-align: middle;\n",
       "    }\n",
       "\n",
       "    .dataframe tbody tr th {\n",
       "        vertical-align: top;\n",
       "    }\n",
       "\n",
       "    .dataframe thead th {\n",
       "        text-align: right;\n",
       "    }\n",
       "</style>\n",
       "<table border=\"1\" class=\"dataframe\">\n",
       "  <thead>\n",
       "    <tr style=\"text-align: right;\">\n",
       "      <th></th>\n",
       "      <th>sepal-length</th>\n",
       "      <th>sepal-width</th>\n",
       "      <th>petal-length</th>\n",
       "      <th>petal-width</th>\n",
       "    </tr>\n",
       "  </thead>\n",
       "  <tbody>\n",
       "    <tr>\n",
       "      <th>26</th>\n",
       "      <td>5.0</td>\n",
       "      <td>3.4</td>\n",
       "      <td>1.6</td>\n",
       "      <td>0.4</td>\n",
       "    </tr>\n",
       "    <tr>\n",
       "      <th>41</th>\n",
       "      <td>4.5</td>\n",
       "      <td>2.3</td>\n",
       "      <td>1.3</td>\n",
       "      <td>0.3</td>\n",
       "    </tr>\n",
       "    <tr>\n",
       "      <th>49</th>\n",
       "      <td>5.0</td>\n",
       "      <td>3.3</td>\n",
       "      <td>1.4</td>\n",
       "      <td>0.2</td>\n",
       "    </tr>\n",
       "    <tr>\n",
       "      <th>44</th>\n",
       "      <td>5.1</td>\n",
       "      <td>3.8</td>\n",
       "      <td>1.9</td>\n",
       "      <td>0.4</td>\n",
       "    </tr>\n",
       "    <tr>\n",
       "      <th>141</th>\n",
       "      <td>6.9</td>\n",
       "      <td>3.1</td>\n",
       "      <td>5.1</td>\n",
       "      <td>2.3</td>\n",
       "    </tr>\n",
       "  </tbody>\n",
       "</table>\n",
       "</div>"
      ],
      "text/plain": [
       "     sepal-length  sepal-width  petal-length  petal-width\n",
       "26            5.0          3.4           1.6          0.4\n",
       "41            4.5          2.3           1.3          0.3\n",
       "49            5.0          3.3           1.4          0.2\n",
       "44            5.1          3.8           1.9          0.4\n",
       "141           6.9          3.1           5.1          2.3"
      ]
     },
     "execution_count": 12,
     "metadata": {},
     "output_type": "execute_result"
    }
   ],
   "source": [
    "X_test.head()"
   ]
  },
  {
   "cell_type": "code",
   "execution_count": 13,
   "id": "3cc4f5c1-5c5e-43f1-af30-6fbf9327d43d",
   "metadata": {},
   "outputs": [
    {
     "name": "stderr",
     "output_type": "stream",
     "text": [
      "G:\\Anaconda3\\Lib\\site-packages\\sklearn\\utils\\validation.py:1300: DataConversionWarning: A column-vector y was passed when a 1d array was expected. Please change the shape of y to (n_samples, ), for example using ravel().\n",
      "  y = column_or_1d(y, warn=True)\n",
      "G:\\Anaconda3\\Lib\\site-packages\\sklearn\\linear_model\\_logistic.py:469: ConvergenceWarning: lbfgs failed to converge (status=1):\n",
      "STOP: TOTAL NO. of ITERATIONS REACHED LIMIT.\n",
      "\n",
      "Increase the number of iterations (max_iter) or scale the data as shown in:\n",
      "    https://scikit-learn.org/stable/modules/preprocessing.html\n",
      "Please also refer to the documentation for alternative solver options:\n",
      "    https://scikit-learn.org/stable/modules/linear_model.html#logistic-regression\n",
      "  n_iter_i = _check_optimize_result(\n"
     ]
    }
   ],
   "source": [
    "model = training_basic_classifier(X_train,y_train)"
   ]
  },
  {
   "cell_type": "code",
   "execution_count": 14,
   "id": "a6e7b9dc-0f2a-4bf4-8b64-982664edfc29",
   "metadata": {},
   "outputs": [
    {
     "name": "stdout",
     "output_type": "stream",
     "text": [
      "['Iris-setosa' 'Iris-setosa' 'Iris-setosa' 'Iris-setosa' 'Iris-virginica'\n",
      " 'Iris-virginica' 'Iris-versicolor' 'Iris-virginica' 'Iris-versicolor'\n",
      " 'Iris-versicolor' 'Iris-virginica' 'Iris-versicolor' 'Iris-virginica'\n",
      " 'Iris-setosa' 'Iris-setosa' 'Iris-virginica' 'Iris-setosa'\n",
      " 'Iris-versicolor' 'Iris-versicolor' 'Iris-versicolor' 'Iris-versicolor'\n",
      " 'Iris-virginica' 'Iris-virginica' 'Iris-setosa' 'Iris-setosa'\n",
      " 'Iris-virginica' 'Iris-versicolor' 'Iris-setosa' 'Iris-versicolor'\n",
      " 'Iris-virginica' 'Iris-setosa' 'Iris-virginica' 'Iris-setosa'\n",
      " 'Iris-setosa' 'Iris-setosa' 'Iris-setosa' 'Iris-virginica'\n",
      " 'Iris-virginica' 'Iris-virginica' 'Iris-versicolor' 'Iris-versicolor'\n",
      " 'Iris-virginica' 'Iris-virginica' 'Iris-versicolor' 'Iris-versicolor']\n",
      "[[9.60710288e-01 3.92887139e-02 9.98581181e-07]\n",
      " [9.34686599e-01 6.53128017e-02 5.99740645e-07]\n",
      " [9.70973747e-01 2.90259945e-02 2.58793698e-07]\n",
      " [9.54957679e-01 4.50398402e-02 2.48101015e-06]\n",
      " [1.74869543e-04 1.07975732e-01 8.91849399e-01]\n",
      " [1.59461465e-05 8.15785617e-02 9.18405492e-01]\n",
      " [3.57176748e-03 7.13596090e-01 2.82832143e-01]\n",
      " [4.31262878e-04 1.90655212e-01 8.08913525e-01]\n",
      " [8.32419397e-03 8.65320858e-01 1.26354948e-01]\n",
      " [1.95114823e-02 8.41164522e-01 1.39323996e-01]\n",
      " [2.92775530e-05 4.04356251e-02 9.59535097e-01]\n",
      " [7.77167509e-03 8.63231209e-01 1.28997116e-01]\n",
      " [7.45479750e-04 3.66650646e-01 6.32603874e-01]\n",
      " [9.67655369e-01 3.23442845e-02 3.46537501e-07]\n",
      " [9.77111439e-01 2.28883647e-02 1.96702036e-07]\n",
      " [1.69653148e-07 8.50608916e-03 9.91493741e-01]\n",
      " [9.59220017e-01 4.07796274e-02 3.55703596e-07]\n",
      " [1.76402227e-03 6.28536717e-01 3.69699260e-01]\n",
      " [1.09495885e-02 7.09636415e-01 2.79413996e-01]\n",
      " [7.39619834e-03 7.51547238e-01 2.41056563e-01]\n",
      " [1.24108063e-02 6.89962107e-01 2.97627087e-01]\n",
      " [4.05429603e-04 2.83008735e-01 7.16585836e-01]\n",
      " [1.39526277e-04 2.39849538e-01 7.60010936e-01]\n",
      " [9.68945655e-01 3.10539842e-02 3.61078716e-07]\n",
      " [9.39850558e-01 6.01470575e-02 2.38406140e-06]\n",
      " [5.86618969e-06 1.59277908e-02 9.84066343e-01]\n",
      " [6.49379711e-04 5.19571333e-01 4.79779288e-01]\n",
      " [9.75250936e-01 2.47488053e-02 2.58947093e-07]\n",
      " [1.84034839e-03 7.42304664e-01 2.55854988e-01]\n",
      " [9.34047867e-04 4.20266019e-01 5.78799933e-01]\n",
      " [9.76408843e-01 2.35907909e-02 3.65650878e-07]\n",
      " [8.57526838e-05 3.81442947e-02 9.61769953e-01]\n",
      " [9.85831550e-01 1.41682885e-02 1.61974491e-07]\n",
      " [9.81001750e-01 1.89979780e-02 2.72251267e-07]\n",
      " [9.64718533e-01 3.52798951e-02 1.57222701e-06]\n",
      " [9.61544302e-01 3.84552387e-02 4.59689249e-07]\n",
      " [1.39880557e-05 2.68051821e-02 9.73180830e-01]\n",
      " [7.57127968e-04 2.31719658e-01 7.67523214e-01]\n",
      " [1.56868482e-05 2.44294441e-02 9.75554869e-01]\n",
      " [2.55460547e-02 9.01568691e-01 7.28852541e-02]\n",
      " [4.40215097e-02 8.86396767e-01 6.95817234e-02]\n",
      " [2.31771788e-06 3.06969192e-02 9.69300763e-01]\n",
      " [4.09992860e-05 1.45973416e-01 8.53985585e-01]\n",
      " [2.12587914e-02 9.38018248e-01 4.07229604e-02]\n",
      " [3.96491140e-02 9.47660746e-01 1.26901401e-02]]\n"
     ]
    }
   ],
   "source": [
    "y_pred = predict_on_test_data(model,X_test)\n",
    "print(y_pred)\n",
    "y_pred_prob = predict_prob_on_test_data(model,X_test)\n",
    "print(y_pred_prob)"
   ]
  },
  {
   "cell_type": "code",
   "execution_count": 15,
   "id": "c03fc937-dd6c-4230-9f20-8f2cf1126c16",
   "metadata": {},
   "outputs": [],
   "source": [
    "run_metrics = get_metrics(y_test, y_pred, y_pred_prob)"
   ]
  },
  {
   "cell_type": "code",
   "execution_count": 24,
   "id": "575f6662-1a6d-4fde-9f42-9f338b5fecf2",
   "metadata": {},
   "outputs": [],
   "source": [
    "# create_confusion_matrix_plot(model, X_test, y_test)"
   ]
  },
  {
   "cell_type": "code",
   "execution_count": 19,
   "id": "2b57a44d-38ba-4510-8b12-e02180744003",
   "metadata": {},
   "outputs": [],
   "source": [
    "from sklearn.metrics import confusion_matrix\n",
    "from sklearn.metrics import ConfusionMatrixDisplay"
   ]
  },
  {
   "cell_type": "code",
   "execution_count": 28,
   "id": "bbd44868-1a95-4e2e-9462-9b828432eb09",
   "metadata": {},
   "outputs": [],
   "source": [
    "def create_experiment(experiment_name,run_name, run_metrics,model, confusion_matrix_path = None, \n",
    "                      roc_auc_plot_path = None, run_params=None):\n",
    "    import mlflow\n",
    "    mlflow.set_tracking_uri(\"http://localhost:5000\") \n",
    "    #use above line if you want to use any database like sqlite as backend storage for model else comment this line\n",
    "    mlflow.set_experiment(experiment_name)\n",
    "    \n",
    "    with mlflow.start_run(run_name=run_name):\n",
    "        \n",
    "        if not run_params == None:\n",
    "            for param in run_params:\n",
    "                mlflow.log_param(param, run_params[param])\n",
    "            \n",
    "        for metric in run_metrics:\n",
    "            mlflow.log_metric(metric, run_metrics[metric])\n",
    "        \n",
    "        \n",
    "        \n",
    "        if not confusion_matrix_path == None:\n",
    "            mlflow.log_artifact(confusion_matrix_path, 'confusion_materix')\n",
    "            \n",
    "        if not roc_auc_plot_path == None:\n",
    "            mlflow.log_artifact(roc_auc_plot_path, \"roc_auc_plot\")\n",
    "        \n",
    "        mlflow.set_tag(\"tag1\", \"Iris Classifier\")\n",
    "        mlflow.set_tags({\"tag2\":\"Logistic Regression\", \"tag3\":\"Multiclassification using Ovr - One vs rest class\"})\n",
    "        mlflow.sklearn.log_model(model, \"model\")\n",
    "    print('Run - %s is logged to Experiment - %s' %(run_name, experiment_name))"
   ]
  },
  {
   "cell_type": "code",
   "execution_count": 29,
   "id": "76e1fc08-0c28-495a-be3c-f11f6043aed4",
   "metadata": {},
   "outputs": [
    {
     "name": "stdout",
     "output_type": "stream",
     "text": [
      "Run - iris_classifier_28-06-24 is logged to Experiment - iris_classifier_28-06-24\n"
     ]
    },
    {
     "name": "stderr",
     "output_type": "stream",
     "text": [
      "G:\\Anaconda3\\Lib\\site-packages\\_distutils_hack\\__init__.py:18: UserWarning: Distutils was imported before Setuptools, but importing Setuptools also replaces the `distutils` module in `sys.modules`. This may lead to undesirable behaviors or errors. To avoid these issues, avoid using distutils directly, ensure that setuptools is installed in the traditional way (e.g. not an editable install), and/or make sure that setuptools is always imported before distutils.\n",
      "  warnings.warn(\n",
      "G:\\Anaconda3\\Lib\\site-packages\\_distutils_hack\\__init__.py:33: UserWarning: Setuptools is replacing distutils.\n",
      "  warnings.warn(\"Setuptools is replacing distutils.\")\n"
     ]
    }
   ],
   "source": [
    "from datetime import datetime\n",
    "experiment_name = \"iris_classifier_\"+ str(datetime.now().strftime(\"%d-%m-%y\")) ##basic classifier\n",
    "run_name=\"iris_classifier_\"+str(datetime.now().strftime(\"%d-%m-%y\"))\n",
    "create_experiment(experiment_name,run_name,run_metrics,model,None)"
   ]
  },
  {
   "cell_type": "code",
   "execution_count": 47,
   "id": "368bc410-1158-46fe-a89f-bdc919ccd45d",
   "metadata": {},
   "outputs": [],
   "source": [
    "def create_exp_and_register_model(experiment_name,run_name,run_metrics,model,confusion_matrix_path = None, \n",
    "                      roc_auc_plot_path = None, run_params=None):\n",
    "    mlflow.set_tracking_uri(\"http://localhost:5000\") \n",
    "    #use above line if you want to use any database like sqlite as backend storage for model else comment this line\n",
    "    mlflow.set_experiment(experiment_name)\n",
    "    with mlflow.start_run(run_name=run_name) as run:\n",
    "        if not run_params == None:\n",
    "            for param in run_params:\n",
    "                mlflow.log_param(param, run_params[param])\n",
    "            \n",
    "        for metric in run_metrics:\n",
    "            mlflow.log_metric(metric, run_metrics[metric])\n",
    "        \n",
    "        if not confusion_matrix_path == None:\n",
    "            mlflow.log_artifact(confusion_matrix_path, 'confusion_materix')\n",
    "            \n",
    "        if not roc_auc_plot_path == None:\n",
    "            mlflow.log_artifact(roc_auc_plot_path, \"roc_auc_plot\")\n",
    "        \n",
    "        mlflow.set_tag(\"tag1\", \"Random Forest\")\n",
    "        mlflow.set_tags({\"tag2\":\"Randomized Search CV\", \"tag3\":\"Production\"})\n",
    "        mlflow.sklearn.log_model(model, \"model\",registered_model_name=\"iris-classifier\")"
   ]
  },
  {
   "cell_type": "code",
   "execution_count": 48,
   "id": "381e1327-546e-4aa4-8848-673e6b13c14b",
   "metadata": {},
   "outputs": [],
   "source": [
    "# experiment_name = \"iris_classifier_method-1\" #+ str(datetime.now().strftime(\"%d-%m-%y\")) ##basic classifier\n",
    "# run_name=\"iris_classifier_method-1\" #+str(datetime.now().strftime(\"%d-%m-%y\"))\n",
    "# create_exp_and_register_model(experiment_name,run_name,run_metrics,model,'confusion_matrix.png')"
   ]
  },
  {
   "cell_type": "code",
   "execution_count": 32,
   "id": "66d92636-c311-4912-a77f-876e71521ce4",
   "metadata": {},
   "outputs": [
    {
     "name": "stderr",
     "output_type": "stream",
     "text": [
      "Successfully registered model 'iris-classifier'.\n",
      "2024/06/28 23:34:12 INFO mlflow.store.model_registry.abstract_store: Waiting up to 300 seconds for model version to finish creation. Model name: iris-classifier, version 1\n",
      "Created version '1' of model 'iris-classifier'.\n"
     ]
    }
   ],
   "source": [
    "import mlflow\n",
    "with mlflow.start_run(run_name=run_name) as run:\n",
    "    result = mlflow.register_model(\n",
    "        \"runs:/4d89f2edb9bc466093ac8b767ab9c3d9/model\",\n",
    "        \"iris-classifier_2\"\n",
    "    )"
   ]
  },
  {
   "cell_type": "code",
   "execution_count": 33,
   "id": "3b17ebb3-edcb-4356-b1ff-3bd5893013c6",
   "metadata": {},
   "outputs": [
    {
     "data": {
      "text/plain": [
       "array(['Iris-setosa', 'Iris-setosa', 'Iris-setosa', 'Iris-setosa',\n",
       "       'Iris-virginica', 'Iris-virginica', 'Iris-versicolor',\n",
       "       'Iris-virginica', 'Iris-versicolor', 'Iris-versicolor',\n",
       "       'Iris-virginica', 'Iris-versicolor', 'Iris-virginica',\n",
       "       'Iris-setosa', 'Iris-setosa', 'Iris-virginica', 'Iris-setosa',\n",
       "       'Iris-versicolor', 'Iris-versicolor', 'Iris-versicolor',\n",
       "       'Iris-versicolor', 'Iris-virginica', 'Iris-virginica',\n",
       "       'Iris-setosa', 'Iris-setosa', 'Iris-virginica', 'Iris-versicolor',\n",
       "       'Iris-setosa', 'Iris-versicolor', 'Iris-virginica', 'Iris-setosa',\n",
       "       'Iris-virginica', 'Iris-setosa', 'Iris-setosa', 'Iris-setosa',\n",
       "       'Iris-setosa', 'Iris-virginica', 'Iris-virginica',\n",
       "       'Iris-virginica', 'Iris-versicolor', 'Iris-versicolor',\n",
       "       'Iris-virginica', 'Iris-virginica', 'Iris-versicolor',\n",
       "       'Iris-versicolor'], dtype=object)"
      ]
     },
     "execution_count": 33,
     "metadata": {},
     "output_type": "execute_result"
    }
   ],
   "source": [
    "import mlflow\n",
    "logged_model = 'runs:/4d89f2edb9bc466093ac8b767ab9c3d9/model'\n",
    "\n",
    "# Load model as a PyFuncModel.\n",
    "loaded_model = mlflow.pyfunc.load_model(logged_model)\n",
    "\n",
    "# Predict on a Pandas DataFrame.\n",
    "import pandas as pd\n",
    "loaded_model.predict(pd.DataFrame(X_test))"
   ]
  },
  {
   "cell_type": "code",
   "execution_count": 34,
   "id": "aa11163b-2808-4b60-a0c0-7754cd3486ff",
   "metadata": {},
   "outputs": [
    {
     "name": "stdout",
     "output_type": "stream",
     "text": [
      "['Iris-setosa' 'Iris-setosa' 'Iris-setosa' 'Iris-setosa' 'Iris-virginica'\n",
      " 'Iris-virginica' 'Iris-versicolor' 'Iris-virginica' 'Iris-versicolor'\n",
      " 'Iris-versicolor' 'Iris-virginica' 'Iris-versicolor' 'Iris-virginica'\n",
      " 'Iris-setosa' 'Iris-setosa' 'Iris-virginica' 'Iris-setosa'\n",
      " 'Iris-versicolor' 'Iris-versicolor' 'Iris-versicolor' 'Iris-versicolor'\n",
      " 'Iris-virginica' 'Iris-virginica' 'Iris-setosa' 'Iris-setosa'\n",
      " 'Iris-virginica' 'Iris-versicolor' 'Iris-setosa' 'Iris-versicolor'\n",
      " 'Iris-virginica' 'Iris-setosa' 'Iris-virginica' 'Iris-setosa'\n",
      " 'Iris-setosa' 'Iris-setosa' 'Iris-setosa' 'Iris-virginica'\n",
      " 'Iris-virginica' 'Iris-virginica' 'Iris-versicolor' 'Iris-versicolor'\n",
      " 'Iris-virginica' 'Iris-virginica' 'Iris-versicolor' 'Iris-versicolor']\n",
      "[[9.60710288e-01 3.92887139e-02 9.98581181e-07]\n",
      " [9.34686599e-01 6.53128017e-02 5.99740645e-07]\n",
      " [9.70973747e-01 2.90259945e-02 2.58793698e-07]\n",
      " [9.54957679e-01 4.50398402e-02 2.48101015e-06]\n",
      " [1.74869543e-04 1.07975732e-01 8.91849399e-01]\n",
      " [1.59461465e-05 8.15785617e-02 9.18405492e-01]\n",
      " [3.57176748e-03 7.13596090e-01 2.82832143e-01]\n",
      " [4.31262878e-04 1.90655212e-01 8.08913525e-01]\n",
      " [8.32419397e-03 8.65320858e-01 1.26354948e-01]\n",
      " [1.95114823e-02 8.41164522e-01 1.39323996e-01]\n",
      " [2.92775530e-05 4.04356251e-02 9.59535097e-01]\n",
      " [7.77167509e-03 8.63231209e-01 1.28997116e-01]\n",
      " [7.45479750e-04 3.66650646e-01 6.32603874e-01]\n",
      " [9.67655369e-01 3.23442845e-02 3.46537501e-07]\n",
      " [9.77111439e-01 2.28883647e-02 1.96702036e-07]\n",
      " [1.69653148e-07 8.50608916e-03 9.91493741e-01]\n",
      " [9.59220017e-01 4.07796274e-02 3.55703596e-07]\n",
      " [1.76402227e-03 6.28536717e-01 3.69699260e-01]\n",
      " [1.09495885e-02 7.09636415e-01 2.79413996e-01]\n",
      " [7.39619834e-03 7.51547238e-01 2.41056563e-01]\n",
      " [1.24108063e-02 6.89962107e-01 2.97627087e-01]\n",
      " [4.05429603e-04 2.83008735e-01 7.16585836e-01]\n",
      " [1.39526277e-04 2.39849538e-01 7.60010936e-01]\n",
      " [9.68945655e-01 3.10539842e-02 3.61078716e-07]\n",
      " [9.39850558e-01 6.01470575e-02 2.38406140e-06]\n",
      " [5.86618969e-06 1.59277908e-02 9.84066343e-01]\n",
      " [6.49379711e-04 5.19571333e-01 4.79779288e-01]\n",
      " [9.75250936e-01 2.47488053e-02 2.58947093e-07]\n",
      " [1.84034839e-03 7.42304664e-01 2.55854988e-01]\n",
      " [9.34047867e-04 4.20266019e-01 5.78799933e-01]\n",
      " [9.76408843e-01 2.35907909e-02 3.65650878e-07]\n",
      " [8.57526838e-05 3.81442947e-02 9.61769953e-01]\n",
      " [9.85831550e-01 1.41682885e-02 1.61974491e-07]\n",
      " [9.81001750e-01 1.89979780e-02 2.72251267e-07]\n",
      " [9.64718533e-01 3.52798951e-02 1.57222701e-06]\n",
      " [9.61544302e-01 3.84552387e-02 4.59689249e-07]\n",
      " [1.39880557e-05 2.68051821e-02 9.73180830e-01]\n",
      " [7.57127968e-04 2.31719658e-01 7.67523214e-01]\n",
      " [1.56868482e-05 2.44294441e-02 9.75554869e-01]\n",
      " [2.55460547e-02 9.01568691e-01 7.28852541e-02]\n",
      " [4.40215097e-02 8.86396767e-01 6.95817234e-02]\n",
      " [2.31771788e-06 3.06969192e-02 9.69300763e-01]\n",
      " [4.09992860e-05 1.45973416e-01 8.53985585e-01]\n",
      " [2.12587914e-02 9.38018248e-01 4.07229604e-02]\n",
      " [3.96491140e-02 9.47660746e-01 1.26901401e-02]]\n"
     ]
    }
   ],
   "source": [
    "import mlflow.pyfunc\n",
    "\n",
    "model_name = \"iris-classifier\"\n",
    "model_version = 1\n",
    "\n",
    "model = mlflow.pyfunc.load_model(\n",
    "    model_uri=f\"models:/{model_name}/{model_version}\"\n",
    ")\n",
    "\n",
    "y_pred = model.predict(X_test)\n",
    "print(y_pred)\n",
    "\n",
    "sklearn_model = mlflow.sklearn.load_model(\n",
    "    model_uri=f\"models:/{model_name}/{model_version}\"\n",
    ")\n",
    "y_pred_prob = sklearn_model.predict_proba(X_test)\n",
    "print(y_pred_prob)"
   ]
  },
  {
   "cell_type": "code",
   "execution_count": 35,
   "id": "b8b5f72e-f5dd-4ea8-a9a5-26c3ffada313",
   "metadata": {},
   "outputs": [
    {
     "data": {
      "text/plain": [
       "<RegisteredModel: aliases={}, creation_timestamp=1719597902278, description='', last_updated_timestamp=1719597902278, latest_versions=[], name='basic-classifier-method-3', tags={}>"
      ]
     },
     "execution_count": 35,
     "metadata": {},
     "output_type": "execute_result"
    }
   ],
   "source": [
    "import mlflow\n",
    "client = mlflow.tracking.MlflowClient()\n",
    "client.create_registered_model(\"basic-classifier-method-3\")"
   ]
  },
  {
   "cell_type": "code",
   "execution_count": 38,
   "id": "44fb5678-c623-46cb-9cfd-fdb70a3e2063",
   "metadata": {},
   "outputs": [],
   "source": [
    "# #the method below creates a new version of the model.\n",
    "# client = mlflow.tracking.MlflowClient()\n",
    "# result = client.create_model_version(\n",
    "#     name=\"basic-classifier-method-3\",\n",
    "#     source=\"4d89f2edb9bc466093ac8b767ab9c3d9/artifacts/model\",\n",
    "#     run_id=\"4d89f2edb9bc466093ac8b767ab9c3d9\"\n",
    "# )"
   ]
  },
  {
   "cell_type": "code",
   "execution_count": 39,
   "id": "9022fb6f-a293-40ed-af70-2a67838a003a",
   "metadata": {},
   "outputs": [
    {
     "name": "stderr",
     "output_type": "stream",
     "text": [
      "C:\\Users\\mural\\AppData\\Local\\Temp\\ipykernel_15032\\2392087708.py:2: FutureWarning: ``mlflow.tracking.client.MlflowClient.transition_model_version_stage`` is deprecated since 2.9.0. Model registry stages will be removed in a future major release. To learn more about the deprecation of model registry stages, see our migration guide here: https://mlflow.org/docs/latest/model-registry.html#migrating-from-stages\n",
      "  client.transition_model_version_stage(\n"
     ]
    },
    {
     "data": {
      "text/plain": [
       "<ModelVersion: aliases=[], creation_timestamp=1719597852052, current_stage='Production', description='', last_updated_timestamp=1719597985530, name='iris-classifier', run_id='4d89f2edb9bc466093ac8b767ab9c3d9', run_link='', source='file:///C:/Users/mural/mlruns/906496087352988263/4d89f2edb9bc466093ac8b767ab9c3d9/artifacts/model', status='READY', status_message='', tags={}, user_id='', version='1'>"
      ]
     },
     "execution_count": 39,
     "metadata": {},
     "output_type": "execute_result"
    }
   ],
   "source": [
    "client = mlflow.tracking.MlflowClient()\n",
    "client.transition_model_version_stage(\n",
    "    name=\"iris-classifier\",\n",
    "    version=1,\n",
    "    stage=\"Production\"\n",
    ")"
   ]
  },
  {
   "cell_type": "code",
   "execution_count": 40,
   "id": "8f0bfcb6-ed55-4af2-83b6-e927711f74a2",
   "metadata": {},
   "outputs": [
    {
     "name": "stdout",
     "output_type": "stream",
     "text": [
      "['Iris-setosa' 'Iris-setosa' 'Iris-setosa' 'Iris-setosa' 'Iris-virginica'\n",
      " 'Iris-virginica' 'Iris-versicolor' 'Iris-virginica' 'Iris-versicolor'\n",
      " 'Iris-versicolor' 'Iris-virginica' 'Iris-versicolor' 'Iris-virginica'\n",
      " 'Iris-setosa' 'Iris-setosa' 'Iris-virginica' 'Iris-setosa'\n",
      " 'Iris-versicolor' 'Iris-versicolor' 'Iris-versicolor' 'Iris-versicolor'\n",
      " 'Iris-virginica' 'Iris-virginica' 'Iris-setosa' 'Iris-setosa'\n",
      " 'Iris-virginica' 'Iris-versicolor' 'Iris-setosa' 'Iris-versicolor'\n",
      " 'Iris-virginica' 'Iris-setosa' 'Iris-virginica' 'Iris-setosa'\n",
      " 'Iris-setosa' 'Iris-setosa' 'Iris-setosa' 'Iris-virginica'\n",
      " 'Iris-virginica' 'Iris-virginica' 'Iris-versicolor' 'Iris-versicolor'\n",
      " 'Iris-virginica' 'Iris-virginica' 'Iris-versicolor' 'Iris-versicolor']\n"
     ]
    },
    {
     "name": "stderr",
     "output_type": "stream",
     "text": [
      "G:\\Anaconda3\\Lib\\site-packages\\mlflow\\store\\artifact\\utils\\models.py:32: FutureWarning: ``mlflow.tracking.client.MlflowClient.get_latest_versions`` is deprecated since 2.9.0. Model registry stages will be removed in a future major release. To learn more about the deprecation of model registry stages, see our migration guide here: https://mlflow.org/docs/latest/model-registry.html#migrating-from-stages\n",
      "  latest = client.get_latest_versions(name, None if stage is None else [stage])\n"
     ]
    }
   ],
   "source": [
    "import mlflow.pyfunc\n",
    "\n",
    "model_name = \"iris-classifier\"\n",
    "stage = 'Production'\n",
    "\n",
    "model = mlflow.pyfunc.load_model(\n",
    "    model_uri=f\"models:/{model_name}/{stage}\"\n",
    ")\n",
    "\n",
    "y_pred = model.predict(X_test)\n",
    "print(y_pred)"
   ]
  },
  {
   "cell_type": "code",
   "execution_count": 41,
   "id": "4a712833-ca6e-439b-b931-0092f8ce9065",
   "metadata": {},
   "outputs": [
    {
     "name": "stdout",
     "output_type": "stream",
     "text": [
      "['Iris-virginica']\n",
      "[[2.92775530e-05 4.04356251e-02 9.59535097e-01]]\n"
     ]
    },
    {
     "name": "stderr",
     "output_type": "stream",
     "text": [
      "G:\\Anaconda3\\Lib\\site-packages\\mlflow\\store\\artifact\\utils\\models.py:32: FutureWarning: ``mlflow.tracking.client.MlflowClient.get_latest_versions`` is deprecated since 2.9.0. Model registry stages will be removed in a future major release. To learn more about the deprecation of model registry stages, see our migration guide here: https://mlflow.org/docs/latest/model-registry.html#migrating-from-stages\n",
      "  latest = client.get_latest_versions(name, None if stage is None else [stage])\n",
      "G:\\Anaconda3\\Lib\\site-packages\\sklearn\\base.py:493: UserWarning: X does not have valid feature names, but LogisticRegression was fitted with feature names\n",
      "  warnings.warn(\n",
      "G:\\Anaconda3\\Lib\\site-packages\\sklearn\\base.py:493: UserWarning: X does not have valid feature names, but LogisticRegression was fitted with feature names\n",
      "  warnings.warn(\n"
     ]
    }
   ],
   "source": [
    "import mlflow.pyfunc\n",
    "\n",
    "model_name = \"iris-classifier\"\n",
    "stage = 'Production'\n",
    "\n",
    "model = mlflow.sklearn.load_model(\n",
    "    model_uri=f\"models:/{model_name}/{stage}\"\n",
    ")\n",
    "\n",
    "y_pred = model.predict([[6.7,3.3,5.7,2.1]])\n",
    "print(y_pred)\n",
    "y_pred_prob = model.predict_proba([[6.7,3.3,5.7,2.1]])\n",
    "print(y_pred_prob)"
   ]
  },
  {
   "cell_type": "code",
   "execution_count": 42,
   "id": "7d31d1f5-f759-4f32-98b9-7a5a285f1195",
   "metadata": {},
   "outputs": [],
   "source": [
    "mlflow.set_tracking_uri('http://localhost:5000')"
   ]
  },
  {
   "cell_type": "code",
   "execution_count": 43,
   "id": "da391d46-3e8c-43a4-9031-712273161df7",
   "metadata": {},
   "outputs": [
    {
     "name": "stdout",
     "output_type": "stream",
     "text": [
      "{\"predictions\": [\"Iris-virginica\"]}\n"
     ]
    }
   ],
   "source": [
    "import requests\n",
    "\n",
    "inference_request = {\n",
    "        \"dataframe_records\": [[6.7,3.3,5.7,2.1]]\n",
    "}\n",
    "\n",
    "endpoint = \"http://localhost:1234/invocations\"\n",
    "\n",
    "response = requests.post(endpoint, json=inference_request)\n",
    "\n",
    "print(response.text)"
   ]
  },
  {
   "cell_type": "markdown",
   "id": "01e11b16-7ed5-484f-b162-54b68b3f2379",
   "metadata": {},
   "source": [
    "Batch Prediction"
   ]
  },
  {
   "cell_type": "code",
   "execution_count": 44,
   "id": "df1b39b1-6075-4583-833f-475232ff10bf",
   "metadata": {},
   "outputs": [
    {
     "data": {
      "text/html": [
       "<div>\n",
       "<style scoped>\n",
       "    .dataframe tbody tr th:only-of-type {\n",
       "        vertical-align: middle;\n",
       "    }\n",
       "\n",
       "    .dataframe tbody tr th {\n",
       "        vertical-align: top;\n",
       "    }\n",
       "\n",
       "    .dataframe thead th {\n",
       "        text-align: right;\n",
       "    }\n",
       "</style>\n",
       "<table border=\"1\" class=\"dataframe\">\n",
       "  <thead>\n",
       "    <tr style=\"text-align: right;\">\n",
       "      <th></th>\n",
       "      <th>sepal-length</th>\n",
       "      <th>sepal-width</th>\n",
       "      <th>petal-length</th>\n",
       "      <th>petal-width</th>\n",
       "    </tr>\n",
       "  </thead>\n",
       "  <tbody>\n",
       "    <tr>\n",
       "      <th>26</th>\n",
       "      <td>5.0</td>\n",
       "      <td>3.4</td>\n",
       "      <td>1.6</td>\n",
       "      <td>0.4</td>\n",
       "    </tr>\n",
       "    <tr>\n",
       "      <th>41</th>\n",
       "      <td>4.5</td>\n",
       "      <td>2.3</td>\n",
       "      <td>1.3</td>\n",
       "      <td>0.3</td>\n",
       "    </tr>\n",
       "    <tr>\n",
       "      <th>49</th>\n",
       "      <td>5.0</td>\n",
       "      <td>3.3</td>\n",
       "      <td>1.4</td>\n",
       "      <td>0.2</td>\n",
       "    </tr>\n",
       "    <tr>\n",
       "      <th>44</th>\n",
       "      <td>5.1</td>\n",
       "      <td>3.8</td>\n",
       "      <td>1.9</td>\n",
       "      <td>0.4</td>\n",
       "    </tr>\n",
       "    <tr>\n",
       "      <th>141</th>\n",
       "      <td>6.9</td>\n",
       "      <td>3.1</td>\n",
       "      <td>5.1</td>\n",
       "      <td>2.3</td>\n",
       "    </tr>\n",
       "    <tr>\n",
       "      <th>108</th>\n",
       "      <td>6.7</td>\n",
       "      <td>2.5</td>\n",
       "      <td>5.8</td>\n",
       "      <td>1.8</td>\n",
       "    </tr>\n",
       "    <tr>\n",
       "      <th>86</th>\n",
       "      <td>6.7</td>\n",
       "      <td>3.1</td>\n",
       "      <td>4.7</td>\n",
       "      <td>1.5</td>\n",
       "    </tr>\n",
       "    <tr>\n",
       "      <th>142</th>\n",
       "      <td>5.8</td>\n",
       "      <td>2.7</td>\n",
       "      <td>5.1</td>\n",
       "      <td>1.9</td>\n",
       "    </tr>\n",
       "    <tr>\n",
       "      <th>65</th>\n",
       "      <td>6.7</td>\n",
       "      <td>3.1</td>\n",
       "      <td>4.4</td>\n",
       "      <td>1.4</td>\n",
       "    </tr>\n",
       "    <tr>\n",
       "      <th>61</th>\n",
       "      <td>5.9</td>\n",
       "      <td>3.0</td>\n",
       "      <td>4.2</td>\n",
       "      <td>1.5</td>\n",
       "    </tr>\n",
       "    <tr>\n",
       "      <th>124</th>\n",
       "      <td>6.7</td>\n",
       "      <td>3.3</td>\n",
       "      <td>5.7</td>\n",
       "      <td>2.1</td>\n",
       "    </tr>\n",
       "    <tr>\n",
       "      <th>75</th>\n",
       "      <td>6.6</td>\n",
       "      <td>3.0</td>\n",
       "      <td>4.4</td>\n",
       "      <td>1.4</td>\n",
       "    </tr>\n",
       "    <tr>\n",
       "      <th>83</th>\n",
       "      <td>6.0</td>\n",
       "      <td>2.7</td>\n",
       "      <td>5.1</td>\n",
       "      <td>1.6</td>\n",
       "    </tr>\n",
       "    <tr>\n",
       "      <th>8</th>\n",
       "      <td>4.4</td>\n",
       "      <td>2.9</td>\n",
       "      <td>1.4</td>\n",
       "      <td>0.2</td>\n",
       "    </tr>\n",
       "    <tr>\n",
       "      <th>38</th>\n",
       "      <td>4.4</td>\n",
       "      <td>3.0</td>\n",
       "      <td>1.3</td>\n",
       "      <td>0.2</td>\n",
       "    </tr>\n",
       "    <tr>\n",
       "      <th>122</th>\n",
       "      <td>7.7</td>\n",
       "      <td>2.8</td>\n",
       "      <td>6.7</td>\n",
       "      <td>2.0</td>\n",
       "    </tr>\n",
       "    <tr>\n",
       "      <th>1</th>\n",
       "      <td>4.9</td>\n",
       "      <td>3.0</td>\n",
       "      <td>1.4</td>\n",
       "      <td>0.2</td>\n",
       "    </tr>\n",
       "    <tr>\n",
       "      <th>52</th>\n",
       "      <td>6.9</td>\n",
       "      <td>3.1</td>\n",
       "      <td>4.9</td>\n",
       "      <td>1.5</td>\n",
       "    </tr>\n",
       "    <tr>\n",
       "      <th>66</th>\n",
       "      <td>5.6</td>\n",
       "      <td>3.0</td>\n",
       "      <td>4.5</td>\n",
       "      <td>1.5</td>\n",
       "    </tr>\n",
       "    <tr>\n",
       "      <th>78</th>\n",
       "      <td>6.0</td>\n",
       "      <td>2.9</td>\n",
       "      <td>4.5</td>\n",
       "      <td>1.5</td>\n",
       "    </tr>\n",
